# 8015106c
bb06c@SLUS_004.22:  00 00 00 00

# 80159568
c3568:  f0 25 05 0c

# 801497c0
b37c0:  f8 40 05 0c 00 00 00 00
        f8 40 05 0c 00 00 00 00
        f8 40 05 0c 00 00 00 00
        f8 40 05 0c 00 00 00 00
        f8 40 05 0c 00 00 00 00
        f8 40 05 0c 00 00 00 00
        f8 40 05 0c 00 00 00 00
        5c 65 05 08

VALIDATION

bb06c@SLUS_004.22:  17 00 43 14

c3568:  f8 40 05 0c

b37c0:  00 00 00 00 00 00 00 00
        00 00 00 00 00 00 00 00
        00 00 00 00 00 00 00 00
        00 00 00 00 00 00 00 00
        00 00 00 00 00 00 00 00
        00 00 00 00 00 00 00 00
        00 00 00 00 00 00 00 00
        00 00 00 00 00 00 00 00
